%YAML:1.0

image_width: 1440
image_height: 1080
camera_matrix: !!opencv-matrix
  rows: 3
  cols: 3
  dt: d
  data: [2371.323077, 0.000000, 763.881984, 0.000000, 2371.408899, 576.720080, 0.000000, 0.000000, 1.000000]

distortion_coefficients: !!opencv-matrix
  rows: 1
  cols: 5
  dt: d
  data: [-0.074472, 0.239406, 0.001450, 0.002892, 0.000000]

lidar2camera: !!opencv-matrix
  rows: 4
  cols: 4
  dt: d
  data: [0.00451485,-0.99999,      0.000493883, -0.0608959,
        -0.0144461, -0.000559059, -0.999895,    -0.0619332,
         0.999885,   0.00450724,  -0.0144484,   -0.0794533,
         0,          0,            0,            1]